1009
1097
1214
1305
1311
1336
1392
1418
1429
1437
1443
1451
1453
1463
1487
1509
1522
1620
1636
1700
1718
1755
1787
1795
1798
1832
1871
1901
1907
1939
1946
1951
1952
2086
2097
2179
2210
2224
2251
2258
2281
2282
2295
2370
2409
2431
2436
2463
2475
2566
2577
2609
2629
2639
2676
2702
2741
2745
2779
2798
2817
2840
2850
2893
2907










































































































